
power = 2155.07382940748
throughput = 12610.45
composite = 5213.10375611799
